# Death rate of Japanese in 2009
# Exported from http://www.mhlw.go.jp/toukei/saikin/hw/life/life09/index.html
0,0.00262,0.00213
1,0.00037,0.00031
2,0.00025,0.00022
3,0.00017,0.00015
4,0.00013,0.00012
5,0.00011,0.00011
6,0.00011,0.00010
7,0.00010,0.00008
8,0.00009,0.00007
9,0.00009,0.00007
10,0.00008,0.00006
11,0.00008,0.00006
12,0.00008,0.00007
13,0.00010,0.00007
14,0.00013,0.00009
15,0.00018,0.00011
16,0.00025,0.00013
17,0.00033,0.00016
18,0.00040,0.00019
19,0.00047,0.00022
20,0.00053,0.00025
21,0.00058,0.00028
22,0.00061,0.00028
23,0.00061,0.00029
24,0.00059,0.00030
25,0.00058,0.00031
26,0.00060,0.00032
27,0.00063,0.00033
28,0.00067,0.00033
29,0.00070,0.00034
30,0.00071,0.00036
31,0.00072,0.00038
32,0.00074,0.00040
33,0.00077,0.00043
34,0.00082,0.00045
35,0.00088,0.00049
36,0.00096,0.00053
37,0.00104,0.00058
38,0.00114,0.00063
39,0.00125,0.00068
40,0.00136,0.00073
41,0.00148,0.00078
42,0.00161,0.00085
43,0.00175,0.00094
44,0.00191,0.00102
45,0.00208,0.00110
46,0.00226,0.00119
47,0.00247,0.00128
48,0.00270,0.00139
49,0.00297,0.00151
50,0.00328,0.00165
51,0.00362,0.00178
52,0.00397,0.00192
53,0.00432,0.00206
54,0.00469,0.00219
55,0.00511,0.00233
56,0.00561,0.00250
57,0.00620,0.00268
58,0.00686,0.00290
59,0.00756,0.00317
60,0.00825,0.00343
61,0.00894,0.00367
62,0.00969,0.00390
63,0.01050,0.00415
64,0.01137,0.00446
65,0.01228,0.00486
66,0.01325,0.00534
67,0.01425,0.00583
68,0.01537,0.00638
69,0.01673,0.00702
70,0.01836,0.00780
71,0.02026,0.00868
72,0.02244,0.00967
73,0.02503,0.01080
74,0.02805,0.01214
75,0.03149,0.01379
76,0.03532,0.01565
77,0.03959,0.01777
78,0.04435,0.02016
79,0.04958,0.02292
80,0.05525,0.02610
81,0.06131,0.02972
82,0.06804,0.03390
83,0.07576,0.03882
84,0.08421,0.04455
85,0.09341,0.05134
86,0.10295,0.05901
87,0.11339,0.06751
88,0.12627,0.07682
89,0.13876,0.08713
90,0.15178,0.09868
91,0.16535,0.11182
92,0.17947,0.12590
93,0.19415,0.13948
94,0.20941,0.15379
95,0.22523,0.16841
96,0.24164,0.18336
97,0.25862,0.19861
98,0.27618,0.21417
99,0.29431,0.23003
# Above 100, use pseudo data
# Actual data rates are
# 100,0.31300,0.24618
# 101,0.33225,0.26262
# 102,0.35202,0.27934
# 103,0.37231,0.29632
# 104,0.39310,0.31355
# 105,1.00000,1.00000
100,1.0,1.0
