# Population of Japanese in 2009.
# Exported from http://www.stat.go.jp/data/jinsui/2009np/index.htm
#
# Format:
# age,men (kilo),women
0,553 ,525 
1,560 ,532 
2,556 ,528 
3,550 ,522 
4,536 ,513 
5,557 ,532 
6,570 ,542 
7,587 ,558 
8,595 ,565 
9,606 ,574 
10,604 ,574 
11,611 ,582 
12,608 ,580 
13,606 ,577 
14,618 ,589 
15,619 ,589 
16,610 ,580 
17,622 ,590 
18,622 ,594 
19,640 ,614 
20,665 ,637 
21,690 ,657 
22,712 ,676 
23,729 ,684 
24,754 ,709 
25,765 ,725 
26,766 ,728 
27,752 ,725 
28,760 ,731 
29,789 ,762 
30,808 ,781 
31,838 ,815 
32,862 ,836 
33,905 ,878 
34,948 ,920 
35,998 ,969 
36,1013,989 
37,995 ,969 
38,970 ,948 
39,942 ,922 
40,925 ,910 
41,908 ,893 
42,905 ,889 
43,708 ,700 
44,879 ,867 
45,824 ,812 
46,801 ,792 
47,774 ,767 
48,764 ,757 
49,768 ,765 
50,783 ,782
51,759 ,762
52,739 ,742
53,778 ,782
54,804 ,809
55,803 ,811
56,851 ,866
57,896 ,916
58,949 ,973
59,1018,1050
60,1115,1151
61,1103,1144
62,1044,1087
63,650 ,685
64,692 ,742
65,839 ,908
66,813 ,882
67,829 ,906
68,801 ,881
69,723 ,803
70,622 ,698
71,653 ,748
72,663 ,766
73,651 ,766
74,609 ,734
75,560 ,692
76,543 ,689
77,514 ,667
78,477 ,638
79,433 ,599
80,402 ,576
81,368 ,546
82,332 ,515
83,300 ,494
84,254 ,450
85,204 ,394
86,162 ,360
87,134 ,323
88,110 ,283
89,98 ,264
90,67 ,188
91,58 ,170
92,47 ,146
93,38 ,125
94,29 ,101
95,22 ,84
96,16 ,64
97,11 ,48
98,7 ,33
99,5 ,24
100,7 ,41
